<?xml version="1.0"?>
<opencv_storage>
<hist type_id="opencv-hist">
  <type>0</type>
  <is_uniform>1</is_uniform>
  <have_ranges>1</have_ranges>
  <mat type_id="opencv-nd-matrix">
    <sizes>
      256</sizes>
    <dt>f</dt>
    <data>
      0. 0. 0. 0. 0. 0. 0. 0. 0. 0. 0. 0. 0. 0. 0. 0. 0. 0. 0. 0. 0. 0.
      0. 0. 0. 0. 0. 0. 0. 0. 0. 0. 0. 0. 0. 0. 0. 0. 0. 0. 0. 0. 0. 0.
      0. 0. 0. 0. 0. 0. 0. 0. 0. 0. 0. 0. 0. 0. 0. 0. 0. 0. 0. 0. 0. 0.
      0. 0. 0. 0. 0. 0. 0. 0. 0. 0. 0. 0. 0. 0. 0. 0. 0. 0. 0. 0. 2. 2.
      3. 3. 6. 2. 4. 12. 5. 10. 10. 12. 12. 11. 10. 18. 29. 21. 27. 39.
      35. 25. 23. 17. 16. 15. 15. 6. 12. 17. 6. 15. 19. 15. 26. 19. 18.
      18. 18. 21. 30. 26. 25. 31. 26. 31. 37. 36. 31. 35. 34. 48. 27.
      38. 38. 50. 42. 43. 57. 41. 48. 57. 44. 55. 47. 55. 57. 66. 86.
      75. 95. 105. 122. 117. 148. 133. 136. 164. 155. 163. 131. 113.
      131. 105. 108. 86. 54. 25. 13. 11. 2. 6. 4. 0. 5. 6. 7. 2. 2. 4.
      6. 5. 1. 1. 3. 0. 2. 2. 0. 0. 1. 2. 0. 0. 1. 2. 1. 1. 1. 1. 1. 1.
      0. 1. 0. 0. 0. 0. 0. 0. 0. 0. 0. 0. 0. 0. 0. 0. 0. 0. 0. 0. 0. 0.
      0. 0. 0. 0. 0. 0. 0. 0. 0. 0. 0. 0. 0. 0. 0. 0. 0. 0. 0. 0. 0. 0.
      0. 0. 0. 0.</data></mat>
  <thresh>
    0. 255.</thresh></hist>
</opencv_storage>
